944	599	16
0.8994007706642151	4.6936469078063965	0.2855354845523834	0.9979121685028076	0.9130555391311646	0.9408154702953923	3	0.03261822463698973	2	0.02656630506761802	4	0.7388644814491272	0.6735250353813171	0.02105674333870411	0.6733981966972351	-0.739153265953064	0.013688241131603718	0.024783533066511154	0.004065817221999168	-0.9996845722198486
0.46560782194137573	5.185219764709473	-0.21655595302581787	0.9504882097244263	0.9636315107345581	0.8635789817673118	3	0.08029173700560076	2	0.05612928122708737	6	0.7388644814491272	0.6735250353813171	0.02105674333870411	0.6733981966972351	-0.739153265953064	0.013688240200281143	0.024783531203866005	0.004065818153321743	-0.9996845722198486
0.4557908773422241	5.1845221519470215	0.15022683143615723	0.9503702521324158	0.9260043501853943	0.8668249391112834	3	0.11471158128585159	2	0.018463479602865023	6	0.7388644814491272	0.6735250353813171	0.02105674333870411	0.6733981370925903	-0.739153265953064	0.013688239268958569	0.024783533066511154	0.004065817221999168	-0.9996846318244934
0.6978721022605896	4.074211597442627	0.24370190501213074	0.3586685359477997	0.11773376911878586	0.8371642715485987	3	0.09971920238408521	2	0.06311652606731606	4	0.1802557110786438	0.06160648539662361	0.9816885590553284	-0.9836196303367615	0.01186304446309805	0.17986580729484558	-0.0005649151280522346	-0.9980300664901733	0.06273573637008667
0.0	4.85068941116333	0.32311543822288513	0.4302358627319336	0.038813963532447815	0.8561734532570728	2	0.07225000394613437	6	0.0715765427967928	3	0.1802557110786438	0.06160648539662361	0.9816885590553284	-0.9836195707321167	0.0118630426004529	0.17986580729484558	-0.0005649141385219991	-0.9980300068855286	0.06273573637008667
0.0	4.015628814697266	0.3755201995372772	0.4302358627319336	0.12461810559034348	0.9449153172114751	2	0.029180427258870826	3	0.025904255529654047	6	0.1802557110786438	0.06160648539662361	0.9816885590553284	-0.9836196303367615	0.0118630426004529	0.17986580729484558	-0.0005649132654070854	-0.9980300664901733	0.06273573637008667
0.7110075354576111	4.08126974105835	-0.4081498384475708	0.21540972590446472	0.11674968898296356	0.7597325996152829	3	0.15862561507773948	2	0.08164178530697758	4	0.07703705132007599	-0.0690377950668335	-0.9946352243423462	0.9970236420631409	0.0023045442067086697	0.07706208527088165	-0.0030280158389359713	-0.9976114630699158	0.06900984793901443
1.0304728746414185	4.5681962966918945	-0.4172040820121765	0.24816156923770905	0.06680954992771149	0.8700846434695132	3	0.11410434178006647	4	0.015811014750420287	2	0.07703705132007599	-0.0690377950668335	-0.9946352243423462	0.9970236420631409	0.0023045435082167387	0.07706208527088165	-0.0030280165374279022	-0.9976114630699158	0.06900984793901443
1.2116044759750366	4.22689151763916	-0.37948495149612427	0.26684853434562683	0.10191060602664948	0.544138240246499	3	0.45586175975350096	4	0.0	0	0.07703705132007599	-0.0690377950668335	-0.9946352243423462	0.9970236420631409	0.0023045435082167387	0.07706208527088165	-0.0030280165374279022	-0.9976114630699158	0.06900984793901443
0.0	4.742585182189941	-0.5119794607162476	0.14217163622379303	0.048643406480550766	0.8155874659409815	2	0.09307839418408731	6	0.09133413987493112	3	0.14105629920959473	-0.0037783044390380383	-0.9899944067001343	0.9899948835372925	0.004215918481349945	0.14104026556015015	0.0036408426240086555	-0.9999840259552002	0.0043351841159164906
0.7110075354576111	4.08126974105835	-0.4081498384475708	0.21540972590446472	0.11674968898296356	0.7597325996152829	3	0.15862561507773948	2	0.08164178530697758	4	0.14105629920959473	-0.0037783044390380383	-0.9899944067001343	0.9899948835372925	0.004215918481349945	0.14104026556015015	0.0036408426240086555	-0.9999840259552002	0.0043351841159164906
0.0	3.9915013313293457	-0.5091129541397095	0.1420775204896927	0.12564204633235931	0.8612468010507468	2	0.06980762499368562	6	0.0689455739555676	3	0.14105629920959473	-0.0037783044390380383	-0.9899944067001343	0.9899948239326477	0.004215918481349945	0.14104026556015015	0.0036408426240086555	-0.9999839663505554	0.004335183650255203
0.5270349979400635	3.748657703399658	0.3100363314151764	0.7784664630889893	0.17475883662700653	0.74482503436978	2	0.18007073336416904	3	0.075104232266051	11	0.971798300743103	0.07326282560825348	0.22414425015449524	0.22896826267242432	-0.06579498201608658	-0.9712077975273132	-0.05640585720539093	0.995140016078949	-0.08071430772542953
0.7407582998275757	2.703064441680908	-0.274822860956192	0.8447269797325134	0.07238399982452393	0.9274143905739201	11	0.056585840203288114	1	0.01599976922279187	2	0.971798300743103	0.07326282560825348	0.22414425015449524	0.22896824777126312	-0.06579498946666718	-0.9712077975273132	-0.05640585720539093	0.995140016078949	-0.08071432262659073
0.6838793754577637	3.8239243030548096	-0.3945784270763397	0.8505333662033081	0.18727630376815796	0.597330055747637	2	0.3373789616634678	3	0.06529098258889521	11	0.971798300743103	0.07326282560825348	0.22414425015449524	0.2289682775735855	-0.06579499691724777	-0.971207857131958	-0.05640585720539093	0.9951399564743042	-0.08071432262659073
0.0	5.4901604652404785	-0.41136202216148376	0.9367792010307312	0.26214730739593506	1.0	9	0.0	0	0.0	0	0.4752205014228821	-0.04226558282971382	-0.8788509368896484	-0.0008314049337059259	-0.9988667964935303	0.0475878082215786	-0.879866361618042	-0.021884020417928696	-0.4747171103954315
0.38827717304229736	5.761414051055908	-0.2144542634487152	0.9095777273178101	0.22138795256614685	1.0	9	0.0	0	0.0	0	0.4752205014228821	-0.04226558282971382	-0.8788509368896484	-0.0008314031292684376	-0.9988667368888855	0.047587800770998	-0.879866361618042	-0.021884020417928696	-0.4747171401977539
0.3589214086532593	5.455268859863281	-0.21560469269752502	0.9409555792808533	0.22444459795951843	0.9641723311649728	9	0.0358276688350272	3	0.0	0	0.4752205014228821	-0.04226558282971382	-0.8788509368896484	-0.0008314013830386102	-0.9988667368888855	0.047587800770998	-0.879866361618042	-0.021884022280573845	-0.4747171401977539
0.0	3.6751163005828857	0.38842135667800903	0.4302358627319336	0.159549281001091	0.9844738560619349	2	0.015526143938065064	1	0.0	0	0.15389715135097504	-0.051152512431144714	0.9867619276046753	-0.9879235029220581	0.0101968664675951	0.154606893658638	-0.017970411106944084	-0.9986388683319092	-0.04896550253033638
0.7601478099822998	2.677056312561035	0.21812915802001953	0.3522821366786957	0.26052990555763245	0.95979036410082	11	0.040209635899180037	1	0.0	0	0.15389715135097504	-0.051152512431144714	0.9867619276046753	-0.9879234433174133	0.0101968664675951	0.154606893658638	-0.017970411106944084	-0.9986388087272644	-0.04896549880504608
0.5270349979400635	3.748657703399658	0.3100363314151764	0.3761880397796631	0.15149489045143127	0.74482503436978	2	0.18007073336416904	3	0.075104232266051	11	0.15389715135097504	-0.051152512431144714	0.9867619276046753	-0.9879233837127686	0.0101968664675951	0.154606893658638	-0.017970411106944084	-0.9986387491226196	-0.04896549507975578
0.0	3.5707292556762695	-0.4986535310745239	0.1420673429965973	0.1688053160905838	0.9591717040113529	2	0.040828295988647144	1	0.0	0	0.12996654212474823	-0.14218027889728546	-0.9812713265419006	0.9914085865020752	0.00390829099342227	0.1307428926229477	-0.014753966592252254	-0.9898330569267273	0.14146670699119568
0.7407582998275757	2.703064441680908	-0.274822860956192	0.2188999354839325	0.2584311366081238	0.9274143905739201	11	0.056585840203288114	1	0.01599976922279187	2	0.12996654212474823	-0.14218027889728546	-0.9812713265419006	0.9914085865020752	0.003908289596438408	0.1307428926229477	-0.014753968454897404	-0.9898330569267273	0.14146670699119568
0.0	2.5785837173461914	-0.3548976480960846	0.14261549711227417	0.27094566822052	0.8574431929536616	1	0.07231891927732426	11	0.0702378877690142	14	0.12996654212474823	-0.14218027889728546	-0.9812713265419006	0.9914085865020752	0.003908289596438408	0.1307428926229477	-0.014753968454897404	-0.9898330569267273	0.14146670699119568
0.5270349979400635	3.748657703399658	0.3100363314151764	0.3761880397796631	0.15149489045143127	0.74482503436978	2	0.18007073336416904	3	0.075104232266051	11	0.14188852906227112	0.03747725859284401	0.9891729950904846	-0.9898748993873596	0.009341361932456493	0.14163528382778168	-0.003932120744138956	-0.9992538094520569	0.03842322528362274
0.0	4.015628814697266	0.3755201995372772	0.4302358627319336	0.12461810559034348	0.9449153172114751	2	0.029180427258870826	3	0.025904255529654047	6	0.14188852906227112	0.03747725859284401	0.9891729950904846	-0.9898748397827148	0.009341361932456493	0.14163526892662048	-0.003932121675461531	-0.9992538690567017	0.03842322900891304
0.0	3.6751163005828857	0.38842135667800903	0.4302358627319336	0.159549281001091	0.9844738560619349	2	0.015526143938065064	1	0.0	0	0.14188852906227112	0.03747725859284401	0.9891729950904846	-0.9898748993873596	0.009341362863779068	0.14163528382778168	-0.003932121675461531	-0.9992538094520569	0.03842322528362274
0.6838793754577637	3.8239243030548096	-0.3945784270763397	0.8505333662033081	0.18727630376815796	0.597330055747637	2	0.3373789616634678	3	0.06529098258889521	11	0.887653112411499	-0.43501126766204834	0.15112027525901794	0.1382252275943756	-0.06134604290127754	-0.988499104976654	0.43927884101867676	0.8983328342437744	0.005675524473190308
0.6978721022605896	4.074211597442627	0.24370190501213074	0.7838130593299866	0.2094379961490631	0.8371642715485987	3	0.09971920238408521	2	0.06311652606731606	4	0.887653112411499	-0.43501126766204834	0.15112027525901794	0.1382252275943756	-0.06134604662656784	-0.988499104976654	0.43927884101867676	0.8983328342437744	0.005675520747900009
0.5270349979400635	3.748657703399658	0.3100363314151764	0.7784664630889893	0.17475883662700653	0.74482503436978	2	0.18007073336416904	3	0.075104232266051	11	0.887653112411499	-0.43501126766204834	0.15112027525901794	0.1382252275943756	-0.06134604662656784	-0.9884991645812988	0.43927887082099915	0.8983328938484192	0.0056755212135612965
0.0	3.9915013313293457	-0.5091129541397095	0.1420775204896927	0.12564204633235931	0.8612468010507468	2	0.06980762499368562	6	0.0689455739555676	3	0.15927709639072418	-0.024532772600650787	-0.9869289994239807	0.9872336387634277	0.004759200382977724	0.15920795500278473	0.0007911802968010306	-0.9996877312660217	0.024977609515190125
0.6838793754577637	3.8239243030548096	-0.3945784270763397	0.21265901625156403	0.14317047595977783	0.597330055747637	2	0.3373789616634678	3	0.06529098258889521	11	0.15927709639072418	-0.024532772600650787	-0.9869289994239807	0.9872336387634277	0.004759200382977724	0.15920795500278473	0.0007911802968010306	-0.9996877312660217	0.024977609515190125
0.0	3.5707292556762695	-0.4986535310745239	0.1420673429965973	0.1688053160905838	0.9591717040113529	2	0.040828295988647144	1	0.0	0	0.15927709639072418	-0.024532772600650787	-0.9869289994239807	0.9872336387634277	0.004759200848639011	0.15920795500278473	0.0007911808788776398	-0.9996877312660217	0.024977611377835274
0.46954816579818726	0.48233985900878906	-0.004664719104766846	0.9375697374343872	0.5739313960075378	1.0	12	0.0	0	0.0	0	0.3001001179218292	0.2896418869495392	-0.9088715314865112	-0.9391399621963501	-0.07729349285364151	-0.33472657203674316	-0.16720068454742432	0.9540090560913086	0.24881847202777863
0.6354363560676575	0.1846482753753662	-0.0447593629360199	0.9229909181594849	0.5424360036849976	1.0	12	0.0	0	0.0	0	0.3001001179218292	0.2896418869495392	-0.9088715314865112	-0.9391400218009949	-0.07729348540306091	-0.33472657203674316	-0.16720068454742432	0.9540091156959534	0.248818501830101
0.4133245348930359	0.18333792686462402	-0.11851600557565689	0.9460344910621643	0.5441526770591736	1.0	12	0.0	0	0.0	0	0.3001001179218292	0.2896418869495392	-0.9088715314865112	-0.9391400218009949	-0.0772935003042221	-0.33472660183906555	-0.1672006994485855	0.9540091156959534	0.248818501830101
0.5722581148147583	0.48294568061828613	0.029442153871059418	0.9485330581665039	0.04809950292110443	1.0	12	0.0	0	0.0	0	0.9782986640930176	0.20719990134239197	0.0	0.0	0.0	-1.0	-0.20719990134239197	0.9782986640930176	0.0
0.6354363560676575	0.1846482753753662	0.16712865233421326	0.934628427028656	0.017934497445821762	1.0	12	0.0	0	0.0	0	0.9782986640930176	0.20719990134239197	0.0	0.0	0.0	-1.0	-0.20719990134239197	0.9782986640930176	0.0
0.6354363560676575	0.1846482753753662	-0.0447593629360199	0.9563506245613098	0.017934497445821762	1.0	12	0.0	0	0.0	0	0.9782986640930176	0.20719990134239197	0.0	0.0	0.0	-1.0	-0.20719990134239197	0.9782986640930176	0.0
0.46954816579818726	0.48233985900878906	-0.004664719104766846	0.8129310607910156	0.8978757262229919	1.0	12	0.0	0	0.0	0	-0.982776403427124	0.1847989708185196	0.0	0.0	0.0	-1.0	-0.1847989708185196	-0.982776403427124	0.0
0.4133245348930359	0.18333792686462402	0.24088531732559204	0.7879765629768372	0.9279890060424805	1.0	12	0.0	0	0.0	0	-0.982776403427124	0.1847989708185196	0.0	0.0	0.0	-1.0	-0.1847989708185196	-0.982776403427124	0.0
0.46954816579818726	0.48233985900878906	0.16153128445148468	0.7958935499191284	0.8978757262229919	1.0	12	0.0	0	0.0	0	-0.982776403427124	0.1847989708185196	0.0	0.0	0.0	-1.0	-0.1847989559173584	-0.9827763438224792	0.0
0.6354363560676575	0.1846482753753662	-0.0447593629360199	0.9229909181594849	0.5424360036849976	1.0	12	0.0	0	0.0	0	0.31513795256614685	0.001859163399785757	-0.9490441083908081	-0.946174681186676	-0.07711229473352432	-0.3143361806869507	-0.07376736402511597	0.9970206618309021	-0.022541915997862816
0.41435834765434265	0.008101224899291992	-0.11851600557565689	0.9472173452377319	0.5262288451194763	1.0	12	0.0	0	0.0	0	0.31513795256614685	0.001859163399785757	-0.9490441083908081	-0.946174681186676	-0.07711229473352432	-0.31433621048927307	-0.07376736402511597	0.9970206618309021	-0.022541915997862816
0.4133245348930359	0.18333792686462402	-0.11851600557565689	0.9460344910621643	0.5441526770591736	1.0	12	0.0	0	0.0	0	0.31513795256614685	0.001859163399785757	-0.9490441083908081	-0.946174681186676	-0.07711229473352432	-0.3143361806869507	-0.07376736402511597	0.9970206618309021	-0.022541915997862816
0.0	2.491014003753662	0.3091215193271637	0.7248020768165588	0.28944045305252075	0.9220232592403426	1	0.039048397192949294	14	0.0389283435667082	11	-0.8664727210998535	-0.499224454164505	0.0	0.49919164180755615	-0.8664157390594482	-0.01146668940782547	0.005724451504647732	-0.009935572743415833	0.999934196472168
0.2934684157371521	1.981659173965454	-0.260614275932312	0.7792456150054932	0.23172549903392792	0.8673243899851187	11	0.13267561001488123	1	0.0	0	-0.8664727210998535	-0.499224454164505	0.0	0.49919164180755615	-0.8664157390594482	-0.011466690339148045	0.005724451970309019	-0.009935573674738407	0.999934196472168
0.2934684157371521	1.981659173965454	0.40818431973457336	0.7792456150054932	0.3002868592739105	0.844583117959796	11	0.15541688204020404	1	0.0	0	-0.8664727210998535	-0.499224454164505	0.0	0.49919164180755615	-0.866415798664093	-0.01146669127047062	0.005724452435970306	-0.009935574606060982	0.999934196472168
0.7601478099822998	2.677056312561035	0.21812915802001953	0.3522821366786957	0.26052990555763245	0.95979036410082	11	0.040209635899180037	1	0.0	0	0.31148356199264526	0.050307903438806534	0.9489189386367798	-0.9502438902854919	0.020500874146819115	0.31083163619041443	-0.003816379699856043	-0.9985233545303345	0.054190460592508316
0.2934684157371521	1.981659173965454	0.40818431973457336	0.4001404643058777	0.3329714834690094	0.844583117959796	11	0.15541688204020404	1	0.0	0	0.31148356199264526	0.050307903438806534	0.9489189386367798	-0.9502438902854919	0.020500876009464264	0.31083163619041443	-0.003816381562501192	-0.9985233545303345	0.054190460592508316
0.7043596506118774	2.026475429534912	0.2709328830242157	0.35800325870513916	0.3274591863155365	1.0	11	0.0	0	0.0	0	0.31148356199264526	0.050307903438806534	0.9489189386367798	-0.9502438902854919	0.020500876009464264	0.31083163619041443	-0.003816381562501192	-0.9985233545303345	0.054190460592508316
0.7407582998275757	2.703064441680908	-0.274822860956192	0.2188999354839325	0.2584311366081238	0.9274143905739201	11	0.056585840203288114	1	0.01599976922279187	2	0.12284981459379196	-0.0956256166100502	-0.9878074526786804	0.9923919439315796	0.0036787542048841715	0.12306384742259979	-0.008134156465530396	-0.9954106211662292	0.09535004198551178
0.2934684157371521	1.981659173965454	-0.260614275932312	0.1730450689792633	0.33242231607437134	0.8673243899851187	11	0.13267561001488123	1	0.0	0	0.12284981459379196	-0.0956256166100502	-0.9878074526786804	0.9923920035362244	0.003678754437714815	0.12306385487318039	-0.008134156465530396	-0.9954105615615845	0.09535003453493118
0.0	2.5785837173461914	-0.3548976480960846	0.14261549711227417	0.27094566822052	0.8574431929536616	1	0.07231891927732426	11	0.0702378877690142	14	0.12284981459379196	-0.0956256166100502	-0.9878074526786804	0.9923920035362244	0.003678753739222884	0.12306385487318039	-0.008134156465530396	-0.9954105615615845	0.09535003453493118
0.7601478099822998	2.677056312561035	0.21812915802001953	0.79445481300354	0.06713318824768066	0.95979036410082	11	0.040209635899180037	1	0.0	0	0.9970954656600952	-0.06316661089658737	-0.042551882565021515	-0.045802097767591476	-0.0509306937456131	-0.9976513981819153	0.06085105985403061	0.9967026114463806	-0.053675927221775055
0.7043596506118774	2.026475429534912	-0.12336286157369614	0.8329548835754395	0.0021673222072422504	1.0	11	0.0	0	0.0	0	0.9970954656600952	-0.06316661089658737	-0.042551882565021515	-0.045802097767591476	-0.0509306900203228	-0.9976513981819153	0.06085105985403061	0.9967026114463806	-0.053675923496484756
0.7407582998275757	2.703064441680908	-0.274822860956192	0.8447269797325134	0.07238399982452393	0.9274143905739201	11	0.056585840203288114	1	0.01599976922279187	2	0.9970954656600952	-0.06316661089658737	-0.042551882565021515	-0.045802097767591476	-0.0509306900203228	-0.9976513981819153	0.06085105985403061	0.9967026114463806	-0.053675923496484756
0.37846022844314575	5.760716438293457	0.1523285210132599	0.27189797163009644	0.33242231607437134	0.9907544077560467	9	0.009245592243953304	3	0.0	0	0.0	0.0	0.0	1.0	0.0	0.0	0.0	0.0	0.0
0.38827717304229736	5.761414051055908	-0.2144542634487152	0.27189797163009644	0.33242231607437134	1.0	9	0.0	0	0.0	0	0.0	0.0	0.0	1.0	0.0	0.0	0.0	0.0	0.0
0.37846022844314575	5.760716438293457	0.1523285210132599	0.27189797163009644	0.33242231607437134	1.0	9	0.0	0	0.0	0	0.0	0.0	0.0	1.0	0.0	0.0	0.0	0.0	0.0
0.2934684157371521	1.981659173965454	0.40818431973457336	0.27189797163009644	0.33242231607437134	1.0	11	0.0	0	0.0	0	0.0	0.0	0.0	1.0	0.0	0.0	0.0	0.0	0.0
0.2934684157371521	1.981659173965454	0.40818431973457336	0.27189797163009644	0.33242231607437134	0.7388127125127895	11	0.2611872874872105	12	0.0	0	0.0	0.0	0.0	1.0	0.0	0.0	0.0	0.0	0.0
0.2934684157371521	1.981659173965454	0.40818431973457336	0.27189797163009644	0.33242231607437134	0.7161758924670252	11	0.2838241075329749	12	0.0	0	0.0	0.0	0.0	1.0	0.0	0.0	0.0	0.0	0.0
0.7043596506118774	2.026475429534912	-0.12336286157369614	0.27189797163009644	0.33242231607437134	1.0	11	0.0	0	0.0	0	0.0	0.0	0.0	1.0	0.0	0.0	0.0	0.0	0.0
0.7043596506118774	2.026475429534912	0.2709328830242157	0.27189797163009644	0.33242231607437134	0.906627096964129	11	0.09337290303587102	12	0.0	0	0.0	0.0	0.0	1.0	0.0	0.0	0.0	0.0	0.0
0.7043596506118774	2.026475429534912	-0.12336286157369614	0.27189797163009644	0.33242231607437134	0.9267676010159749	11	0.07323239898402513	12	0.0	0	0.0	0.0	0.0	1.0	0.0	0.0	0.0	0.0	0.0
0.2934684157371521	1.981659173965454	0.40818431973457336	0.27189797163009644	0.33242231607437134	0.844583117959796	11	0.15541688204020404	1	0.0	0	0.0	0.0	0.0	1.0	0.0	0.0	0.0	0.0	0.0
0.2934684157371521	1.981659173965454	-0.260614275932312	0.27189797163009644	0.33242231607437134	0.6950011189727342	11	0.30499888102726586	12	0.0	0	0.0	0.0	0.0	1.0	0.0	0.0	0.0	0.0	0.0
0.7043596506118774	2.026475429534912	0.2709328830242157	0.27189797163009644	0.33242231607437134	1.0	11	0.0	0	0.0	0	0.0	0.0	0.0	1.0	0.0	0.0	0.0	0.0	0.0
0.7043596506118774	2.026475429534912	0.2709328830242157	0.27189797163009644	0.33242231607437134	0.9275688598123852	11	0.0724311401876147	12	0.0	0	0.0	0.0	0.0	1.0	0.0	0.0	0.0	0.0	0.0
0.2934684157371521	1.981659173965454	-0.260614275932312	0.27189797163009644	0.33242231607437134	0.8673243899851187	11	0.13267561001488123	1	0.0	0	0.0	0.0	0.0	1.0	0.0	0.0	0.0	0.0	0.0
0.2934684157371521	1.981659173965454	0.40818431973457336	0.9692052602767944	0.33542513847351074	0.7161758924670252	11	0.2838241075329749	12	0.0	0	0.3046960234642029	0.10542717576026917	0.9465968012809753	0.12971290946006775	-0.9891883134841919	0.06841806322336197	0.9435756206512451	0.1019391119480133	-0.315077006816864
0.7197128534317017	1.8636420965194702	0.2841264605522156	0.986019492149353	0.3773096799850464	0.9164939727595591	11	0.08350602724044086	12	0.0	0	0.3046960234642029	0.10542717576026917	0.9465968012809753	0.12971289455890656	-0.9891883134841919	0.06841806322336197	0.9435756206512451	0.10193910449743271	-0.315077006816864
0.7043596506118774	2.026475429534912	0.2709328830242157	0.9692052602767944	0.3779214024543762	0.9275688598123852	11	0.0724311401876147	12	0.0	0	0.3046960234642029	0.10542717576026917	0.9465968012809753	0.12971290946006775	-0.9891883730888367	0.06841806322336197	0.9435756802558899	0.1019391119480133	-0.3150770366191864
0.2934684157371521	1.981659173965454	-0.260614275932312	0.9457097053527832	0.729360818862915	0.6950011189727342	11	0.30499888102726586	12	0.0	0	0.3112829923629761	0.052058879286050797	-0.9488902688026428	-0.9460885524749756	-0.07711466401815414	-0.3145946264266968	-0.08955080062150955	0.9956622123718262	0.025247827172279358
0.7197128534317017	1.8636420965194702	-0.127259761095047	0.9024115800857544	0.7137709259986877	0.8935527046937963	11	0.10644729530620364	12	0.0	0	0.3112829923629761	0.052058879286050797	-0.9488902688026428	-0.9460884928703308	-0.07711465656757355	-0.3145946264266968	-0.08955079317092896	0.9956621527671814	0.025247829034924507
0.2910118103027344	1.8168833255767822	-0.27046024799346924	0.9472173452377319	0.7125650644302368	0.532888794844309	11	0.46711120515569104	12	0.0	0	0.3112829923629761	0.052058879286050797	-0.9488902688026428	-0.9460885524749756	-0.07711466401815414	-0.3145946264266968	-0.08955080062150955	0.9956622123718262	0.025247827172279358
0.7197128534317017	1.8636420965194702	0.2841264605522156	0.27189797163009644	0.33242231607437134	0.9164939727595591	11	0.08350602724044086	12	0.0	0	0.0	0.0	0.0	1.0	0.0	0.0	0.0	0.0	0.0
0.2910118103027344	1.8168833255767822	0.4273269772529602	0.27189797163009644	0.33242231607437134	0.5110370808221649	1	0.26370464183660497	12	0.22525827734123008	11	0.0	0.0	0.0	1.0	0.0	0.0	0.0	0.0	0.0
0.7197128534317017	1.8636420965194702	0.2841264605522156	0.27189797163009644	0.33242231607437134	0.7016959242649072	11	0.18539491433944488	12	0.11290916139564783	1	0.0	0.0	0.0	1.0	0.0	0.0	0.0	0.0	0.0
0.2910118103027344	1.8168833255767822	0.4273269772529602	0.27189797163009644	0.33242231607437134	0.6154770851135254	11	0.3845229148864746	12	0.0	0	0.0	0.0	0.0	1.0	0.0	0.0	0.0	0.0	0.0
0.36747539043426514	1.3043763637542725	0.31085872650146484	0.27189797163009644	0.33242231607437134	0.9711141270062991	12	0.028885872993700927	11	0.0	0	0.0	0.0	0.0	1.0	0.0	0.0	0.0	0.0	0.0
0.7197128534317017	1.8636420965194702	0.2841264605522156	0.27189797163009644	0.33242231607437134	0.8720183352147676	11	0.12798166478523246	12	0.0	0	0.0	0.0	0.0	1.0	0.0	0.0	0.0	0.0	0.0
0.2934684157371521	1.981659173965454	0.40818431973457336	0.7707653045654297	0.7431746125221252	0.7388127125127895	11	0.2611872874872105	12	0.0	0	-0.9998888969421387	0.014907114207744598	0.0	1.2417671335640534e-08	8.329105298798822e-07	-1.0	-0.014907114207744598	-0.9998888969421387	-8.330031278092065e-07
0.2910118103027344	1.8168833255767822	-0.27046024799346924	0.8403782844543457	0.7600001692771912	0.532888794844309	11	0.46711120515569104	12	0.0	0	-0.9998888969421387	0.014907114207744598	0.0	1.2417672223818954e-08	8.329105867233011e-07	-1.0	-0.014907114207744598	-0.9998888969421387	-8.330031846526254e-07
0.2910118103027344	1.8168833255767822	0.4273269772529602	0.7688452005386353	0.7600001096725464	0.6937304535676666	11	0.30626954643233334	12	0.0	0	-0.9998888969421387	0.014907114207744598	0.0	1.2417671335640534e-08	8.329105298798822e-07	-1.0	-0.014907114207744598	-0.9998888969421387	-8.330031278092065e-07
0.7043596506118774	2.026475429534912	0.2709328830242157	0.9238879680633545	0.20690806210041046	0.906627096964129	11	0.09337290303587102	12	0.0	0	0.9955843687057495	0.09387149661779404	0.0	0.0	0.0	-1.0	-0.09387149661779404	0.9955843687057495	0.0
0.7197128534317017	1.8636420965194702	-0.127259761095047	0.9647744297981262	0.19032829999923706	0.8935527046937963	11	0.10644729530620364	12	0.0	0	0.9955843687057495	0.09387149661779404	0.0	0.0	0.0	-1.0	-0.09387149661779404	0.9955843687057495	0.0
0.7043596506118774	2.026475429534912	-0.12336286157369614	0.9643101096153259	0.20690806210041046	0.9267676010159749	11	0.07323239898402513	12	0.0	0	0.9955843687057495	0.09387149661779404	0.0	0.0	0.0	-1.0	-0.09387148916721344	0.9955843091011047	0.0
0.2910118103027344	1.8168833255767822	0.4273269772529602	0.27189797163009644	0.33242231607437134	0.6937304535676666	11	0.30626954643233334	12	0.0	0	0.0	0.0	0.0	1.0	0.0	0.0	0.0	0.0	0.0
0.46954816579818726	0.48233985900878906	0.16153128445148468	0.9865458607673645	0.8813595771789551	1.0	12	0.0	0	0.0	0	0.30843767523765564	0.18940414488315582	0.9321975708007812	-0.9450863599777222	-0.05031324177980423	0.3229248523712158	0.1080651730298996	-0.9806092977523804	0.16348475217819214
0.6354363560676575	0.1846482753753662	0.16712865233421326	0.9718818068504333	0.9130554795265198	1.0	12	0.0	0	0.0	0	0.30843767523765564	0.18940414488315582	0.9321975708007812	-0.9450863003730774	-0.050313226878643036	0.32292482256889343	0.108065165579319	-0.9806092977523804	0.16348476707935333
0.5722581148147583	0.48294568061828613	0.12742438912391663	0.9760208129882812	0.8818623423576355	1.0	12	0.0	0	0.0	0	0.30843767523765564	0.18940414488315582	0.9321975708007812	-0.9450863003730774	-0.05031323805451393	0.32292482256889343	0.1080651730298996	-0.9806092977523804	0.16348476707935333
0.36747539043426514	1.3043763637542725	0.31085872650146484	0.990717887878418	0.7976970076560974	0.9711141270062991	12	0.028885872993700927	11	0.0	0	0.32851067185401917	-0.1624295860528946	0.930428683757782	-0.9444806575775146	-0.050147514790296555	0.32471755146980286	-0.006085054017603397	-0.9854450821876526	-0.16988559067249298
0.7197128534317017	1.8636420965194702	0.2841264605522156	0.9503702521324158	0.7431745529174805	0.7016959242649072	11	0.18539491433944488	12	0.11290916139564783	1	0.32851067185401917	-0.1624295860528946	0.930428683757782	-0.9444806575775146	-0.050147514790296555	0.32471755146980286	-0.006085054017603397	-0.9854450821876526	-0.16988559067249298
0.2910118103027344	1.8168833255767822	0.4273269772529602	0.9946423172950745	0.7455949187278748	0.5110370808221649	1	0.26370464183660497	12	0.22525827734123008	11	0.32851067185401917	-0.1624295860528946	0.930428683757782	-0.9444807171821594	-0.05014752596616745	0.32471758127212524	-0.006085045635700226	-0.9854450225830078	-0.16988559067249298
0.2910118103027344	1.8168833255767822	-0.27046024799346924	0.8403782844543457	0.7600001692771912	0.532888794844309	11	0.46711120515569104	12	0.0	0	-0.9890528917312622	-0.1475619375705719	0.0	-1.2320661824105628e-07	8.258082857537374e-07	-1.0	0.1475619375705719	-0.9890528917312622	-8.349487075065554e-07
0.36747539043426514	1.3043763637542725	0.31085872650146484	0.7806866765022278	0.8130125403404236	0.9711141270062991	12	0.028885872993700927	11	0.0	0	-0.9890528917312622	-0.1475619375705719	0.0	-1.2320661824105628e-07	8.258082857537374e-07	-1.0	0.1475619375705719	-0.9890528917312622	-8.349487075065554e-07
0.2910118103027344	1.8168833255767822	0.4273269772529602	0.7688452005386353	0.7600001096725464	0.6937304535676666	11	0.30626954643233334	12	0.0	0	-0.9890528917312622	-0.1475619375705719	0.0	-1.2320661824105628e-07	8.258082857537374e-07	-1.0	0.1475619375705719	-0.9890528917312622	-8.349487075065554e-07
0.6547555923461914	1.3060715198516846	0.2154616415500641	0.27189797163009644	0.33242231607437134	0.9841759494624468	12	0.01582405053755321	11	0.0	0	0.0	0.0	0.0	1.0	0.0	0.0	0.0	0.0	0.0
0.7197128534317017	1.8636420965194702	-0.127259761095047	0.9647744297981262	0.19032829999923706	0.8935527046937963	11	0.10644729530620364	12	0.0	0	0.9932821393013	-0.11571788042783737	0.0	5.51658132508237e-08	4.7352418164336996e-07	-1.0	0.11571788042783737	0.9932821393013	4.767267682836973e-07
0.6547555923461914	1.3060715198516846	0.2154616415500641	0.9295540452003479	0.13285958766937256	0.9841759494624468	12	0.01582405053755321	11	0.0	0	0.9932821393013	-0.11571788042783737	0.0	5.51658132508237e-08	4.7352418164336996e-07	-1.0	0.11571788042783737	0.9932821393013	4.767267682836973e-07
0.6547555923461914	1.3060715198516846	-0.05859506130218506	0.9576495885848999	0.13285957276821136	1.0	12	0.0	0	0.0	0	0.9932821393013	-0.11571788042783737	0.0	5.5165806145396346e-08	4.735241247999511e-07	-1.0	0.11571788042783737	0.9932821393013	4.7672671144027845e-07
0.7197128534317017	1.8636420965194702	-0.127259761095047	0.9024115800857544	0.7137709259986877	0.8935527046937963	11	0.10644729530620364	12	0.0	0	0.328510582447052	-0.16242939233779907	-0.930428683757782	-0.9442921876907349	-0.07716532796621323	-0.31993430852890015	-0.019830098375678062	0.983698308467865	-0.17873042821884155
0.36747539043426514	1.3043763637542725	-0.15399211645126343	0.9426392316818237	0.6592195630073547	0.996159139446793	12	0.0038408605532070286	11	0.0	0	0.328510582447052	-0.16242939233779907	-0.930428683757782	-0.9442921280860901	-0.07716532796621323	-0.31993430852890015	-0.019830098375678062	0.9836982488632202	-0.17873041331768036
0.2910118103027344	1.8168833255767822	-0.27046024799346924	0.9472173452377319	0.7125650644302368	0.532888794844309	11	0.46711120515569104	12	0.0	0	0.328510582447052	-0.16242939233779907	-0.930428683757782	-0.9442921280860901	-0.07716532796621323	-0.31993430852890015	-0.019830098375678062	0.9836982488632202	-0.17873041331768036
1.2116044759750366	4.22689151763916	-0.37948495149612427	0.20512032508850098	0.366455614566803	0.544138240246499	3	0.45586175975350096	4	0.0	0	0.9057614207267761	0.42361289262771606	0.012181032449007034	-0.06069094315171242	0.10121411085128784	0.9930117726325989	0.41941970586776733	-0.9001710414886475	0.11738530546426773
1.0267542600631714	4.604499816894531	0.23380166292190552	0.27189797163009644	0.3352617919445038	0.8780900422838417	3	0.12190995771615837	4	0.0	0	0.9057614207267761	0.42361289262771606	0.012181032449007034	-0.06069094315171242	0.10121411085128784	0.9930117726325989	0.41941970586776733	-0.9001710414886475	0.11738530546426773
1.1873444318771362	4.26005220413208	0.2712414860725403	0.27189797163009644	0.369738906621933	0.5361837939766315	3	0.4638162060233684	4	0.0	0	0.9057614207267761	0.42361289262771606	0.012181032449007034	-0.06069093570113182	0.10121411085128784	0.9930117726325989	0.41941970586776733	-0.9001710414886475	0.11738530546426773
0.6978721022605896	4.074211597442627	0.24370190501213074	0.3586685359477997	0.11773376911878586	0.8371642715485987	3	0.09971920238408521	2	0.06311652606731606	4	0.2772592306137085	-0.1542498767375946	0.9483323693275452	-0.9588291645050049	0.018689338117837906	0.2833680212497711	-0.06143318861722946	-0.987855076789856	-0.14271749556064606
1.0267542600631714	4.604499816894531	0.23380166292190552	0.3249414265155792	0.06340339779853821	0.8780900422838417	3	0.12190995771615837	4	0.0	0	0.2772592306137085	-0.1542498767375946	0.9483323693275452	-0.9588291049003601	0.018689338117837906	0.28336799144744873	-0.061433181166648865	-0.987855076789856	-0.14271748065948486
0.8994007706642151	4.6936469078063965	0.2855354845523834	0.33800163865089417	0.05463027209043503	0.9408154702953923	3	0.03261822463698973	2	0.02656630506761802	4	0.2772592306137085	-0.1542498767375946	0.9483323693275452	-0.9588291049003601	0.018689341843128204	0.28336799144744873	-0.06143318861722946	-0.987855076789856	-0.14271748065948486
0.9168457388877869	4.696891784667969	-0.3599240779876709	0.28404703736305237	0.4086703360080719	0.9272119812406906	3	0.03977943710415555	2	0.03300858165515384	4	0.7418604493141174	0.6697363257408142	-0.03311045095324516	-0.6683418154716492	0.7425186038017273	0.04455731436610222	0.054426781833171844	-0.01092621125280857	0.9984580278396606
1.0267542600631714	4.604499816894531	0.23380166292190552	0.27189797163009644	0.46986323595046997	0.8780900422838417	3	0.12190995771615837	4	0.0	0	0.7418604493141174	0.6697363257408142	-0.03311045095324516	-0.668341875076294	0.7425186038017273	0.04455731809139252	0.054426781833171844	-0.01092621125280857	0.9984580278396606
1.0304728746414185	4.5681962966918945	-0.4172040820121765	0.27363595366477966	0.4036099314689636	0.8700846434695132	3	0.11410434178006647	4	0.015811014750420287	2	0.7418604493141174	0.6697363257408142	-0.03311045095324516	-0.668341875076294	0.7425186038017273	0.04455731809139252	0.054426781833171844	-0.01092621125280857	0.9984580278396606
1.3735642433166504	3.1868629455566406	0.19832578301429749	0.28937578201293945	0.20822854340076447	1.0	4	0.0	0	0.0	0	-0.047401800751686096	-0.07846418768167496	0.9957893490791321	-0.9988521933555603	-0.0031523515935987234	-0.047795992344617844	0.0068893516436219215	-0.9969120025634766	-0.07822469621896744
1.17511785030365	2.233823776245117	0.11378363519906998	0.30972662568092346	0.30518096685409546	0.9895268652095354	5	0.010473134790464623	4	0.0	0	-0.047401800751686096	-0.07846418768167496	0.9957893490791321	-0.9988521337509155	-0.003152351127937436	-0.047795988619327545	0.006889351177960634	-0.9969119429588318	-0.07822468876838684
1.395689606666565	2.2481231689453125	0.1254100799560547	0.28710681200027466	0.3037962019443512	0.9840063669513008	5	0.015993633048699194	4	0.0	0	-0.047401800751686096	-0.07846418768167496	0.9957893490791321	-0.9988521337509155	-0.003152351826429367	-0.047795988619327545	0.0068893516436219215	-0.9969119429588318	-0.07822468876838684
1.17511785030365	2.233823776245117	0.11378363519906998	0.27189797163009644	0.33242231607437134	0.9895268652095354	5	0.010473134790464623	4	0.0	0	0.0	0.0	0.0	1.0	0.0	0.0	0.0	0.0	0.0
1.1812939643859863	2.235043525695801	-0.16141057014465332	0.27189797163009644	0.33242231607437134	1.0	5	0.0	0	0.0	0	0.0	0.0	0.0	1.0	0.0	0.0	0.0	0.0	0.0
1.17511785030365	2.233823776245117	0.11378363519906998	0.27189797163009644	0.33242231607437134	1.0	5	0.0	0	0.0	0	0.0	0.0	0.0	1.0	0.0	0.0	0.0	0.0	0.0
1.3837451934814453	3.1597657203674316	-0.2643969655036926	0.28488194942474365	0.21164894104003906	1.0	4	0.0	0	0.0	0	0.056324515491724014	-0.1226818785071373	-0.9908464550971985	0.9983986616134644	0.0016902937786653638	0.05654453486204147	-0.005262168124318123	-0.992444634437561	0.1225806251168251
1.1812939643859863	2.235043525695801	-0.16141057014465332	0.26450520753860474	0.30675315856933594	1.0	5	0.0	0	0.0	0	0.056324515491724014	-0.1226818785071373	-0.9908464550971985	0.9983986616134644	0.001690294244326651	0.05654453486204147	-0.0052621676586568356	-0.992444634437561	0.1225806251168251
1.0164731740951538	3.155773639678955	-0.28478020429611206	0.24716080725193024	0.2119956910610199	1.0	4	0.0	0	0.0	0	0.056324515491724014	-0.1226818785071373	-0.9908464550971985	0.9983986616134644	0.001690294244326651	0.05654453486204147	-0.0052621676586568356	-0.992444634437561	0.1225806251168251
1.3837451934814453	3.1597657203674316	-0.2643969655036926	0.20568758249282837	0.475261926651001	1.0	4	0.0	0	0.0	0	0.99958336353302	0.02138502709567547	0.01938410848379135	-0.021410904824733734	0.09902311861515045	0.9948548078536987	0.019355522468686104	-0.9948553442955017	0.09943974018096924
1.395689606666565	2.2481231689453125	0.1254100799560547	0.23618583381175995	0.5719635486602783	0.9840063669513008	5	0.015993633048699194	4	0.0	0	0.99958336353302	0.02138502709567547	0.01938410848379135	-0.021410904824733734	0.09902312606573105	0.994854748249054	0.019355522468686104	-0.9948554039001465	0.09943976253271103
1.4013676643371582	2.2317328453063965	-0.14930900931358337	0.20797911286354065	0.5708490610122681	1.0	5	0.0	0	0.0	0	0.99958336353302	0.02138502709567547	0.01938410848379135	-0.021410904824733734	0.09902311861515045	0.994854748249054	0.019355522468686104	-0.9948554039001465	0.09943975508213043
1.0062228441238403	3.1534721851348877	0.17874276638031006	0.9020422101020813	0.8387966156005859	1.0	4	0.0	0	0.0	0	-0.9835794568061829	-0.17902082204818726	-0.022867705672979355	-0.021256636828184128	-0.010912622325122356	0.9997145533561707	-0.17921927571296692	0.9837847948074341	0.006928049959242344
1.1812939643859863	2.235043525695801	-0.16141057014465332	0.8683310747146606	0.7431745529174805	1.0	5	0.0	0	0.0	0	-0.9835794568061829	-0.17902082204818726	-0.022867705672979355	-0.02125663496553898	-0.010912622325122356	0.9997144937515259	-0.17921926081180573	0.9837847352027893	0.0069280508905649185
1.17511785030365	2.233823776245117	0.11378363519906998	0.8965247869491577	0.7433595657348633	0.9895268652095354	5	0.010473134790464623	4	0.0	0	-0.9835794568061829	-0.17902082204818726	-0.022867705672979355	-0.02125663496553898	-0.010912622325122356	0.9997144937515259	-0.17921926081180573	0.9837847352027893	0.0069280508905649185
1.395689606666565	2.2481231689453125	0.1254100799560547	0.27189797163009644	0.33242231607437134	1.0	5	0.0	0	0.0	0	0.0	0.0	0.0	1.0	0.0	0.0	0.0	0.0	0.0
1.395689606666565	2.2481231689453125	0.1254100799560547	0.27189797163009644	0.33242231607437134	0.9840063669513008	5	0.015993633048699194	4	0.0	0	0.0	0.0	0.0	1.0	0.0	0.0	0.0	0.0	0.0
1.4013676643371582	2.2317328453063965	-0.14930900931358337	0.27189797163009644	0.33242231607437134	1.0	5	0.0	0	0.0	0	0.0	0.0	0.0	1.0	0.0	0.0	0.0	0.0	0.0
1.17511785030365	2.233823776245117	0.11378363519906998	0.6973099708557129	0.9771257638931274	1.0	5	0.0	0	0.0	0	-0.05518389493227005	0.04004500061273575	0.9976729154586792	0.9965276122093201	0.06460364162921906	0.05252745375037193	-0.062349833548069	0.997107207775116	-0.04347102716565132
1.3304352760314941	1.948482871055603	0.13382777571678162	0.711415708065033	0.9468735456466675	1.0	5	0.0	0	0.0	0	-0.05518389493227005	0.04004500061273575	0.9976729154586792	0.9965276122093201	0.06460364162921906	0.05252745375037193	-0.062349833548069	0.997107207775116	-0.04347102716565132
1.395689606666565	2.2481231689453125	0.1254100799560547	0.7199721336364746	0.9771257638931274	1.0	5	0.0	0	0.0	0	-0.05518389493227005	0.04004500061273575	0.9976729154586792	0.9965276122093201	0.06460364162921906	0.05252745375037193	-0.062349833548069	0.997107207775116	-0.04347102716565132
1.2584021091461182	1.9341833591461182	0.12220131605863571	0.2792941629886627	0.5510535836219788	1.0	5	0.0	0	0.0	0	0.18507473170757294	-0.9809049367904663	0.05977259948849678	-0.9826918840408325	-0.18522176146507263	0.003119988599792123	0.008010773919522762	-0.05931547284126282	-0.9982070922851562
1.332289695739746	1.9320924282073975	-0.14089131355285645	0.2719150185585022	0.5780587792396545	1.0	5	0.0	0	0.0	0	0.18507473170757294	-0.9809049367904663	0.05977259948849678	-0.9826918840408325	-0.18522176146507263	0.00311998906545341	0.008010772988200188	-0.05931547284126282	-0.9982070922851562
1.3304352760314941	1.948482871055603	0.13382777571678162	0.27189797163009644	0.5498356223106384	1.0	5	0.0	0	0.0	0	0.18507473170757294	-0.9809049367904663	0.05977259948849678	-0.9826918840408325	-0.18522176146507263	0.0031199895311146975	0.008010772056877613	-0.05931547284126282	-0.9982070922851562
1.4013676643371582	2.2317328453063965	-0.14930900931358337	0.7970642447471619	0.9770145416259766	1.0	5	0.0	0	0.0	0	0.9743695855140686	-0.22406716644763947	0.019945647567510605	0.012892315164208412	-0.032897789031267166	-0.999375581741333	0.2245834320783615	0.9740183353424072	-0.029165862128138542
